beta1_hat,se_HC3,ci_low,ci_high,ci_length,covered,k_y,k_d,alpha
1.6103772256931872,0.08616283782792357,1.4415011667446915,1.7792532846416829,0.33775211789699133,0,11,3,0.2873487115071379
1.619786653543617,0.09021027893775405,1.4429777557903067,1.7965955512969272,0.3536177955066204,0,9,4,0.2873487115071379
1.653959498304041,0.09721499554472371,1.463421608279161,1.8444973883289213,0.3810757800497604,0,6,3,0.2873487115071379
1.6673681196685195,0.08473934305728163,1.5012820592026632,1.8334541801343758,0.33217212093171256,0,12,3,0.2873487115071379
1.8017154597711857,0.09122968110803296,1.622908570478367,1.9805223490640045,0.3576137785856375,0,13,3,0.2873487115071379
1.607828435778388,0.09068463460119032,1.4300898180088804,1.7855670535478958,0.35547723553901545,0,11,3,0.2873487115071379
1.808976270105898,0.08618213064078016,1.640062397939043,1.977890142272753,0.3378277443337101,0,12,3,0.2873487115071379
1.6746455484197504,0.0928470013564038,1.4926687696886574,1.8566223271508435,0.36395355746218616,0,15,4,0.2873487115071379
1.779952172714923,0.08601989130677558,1.6113562837995927,1.9485480616302533,0.33719177783066057,0,12,3,0.2873487115071379
1.5950567169460506,0.08328129522911985,1.4318283777111283,1.7582850561809729,0.3264566784698446,0,19,4,0.2873487115071379
1.8458739555051276,0.08410369236007621,1.6810337475125416,2.0107141634977133,0.3296804159851716,1,9,3,0.2873487115071379
1.585938280376037,0.0693947050408852,1.4499271577781219,1.721949402973952,0.27202224519583007,0,10,4,0.2873487115071379
1.7119516144057234,0.08736074178560684,1.5407277068432306,1.8831755219682162,0.3424478151249857,0,11,3,0.2873487115071379
1.710524476753132,0.0872016042695833,1.5396124729906346,1.8814364805156294,0.34182400752499476,0,15,6,0.2873487115071379
1.6866942389584847,0.08796099313098485,1.5142938603773792,1.8590946175395902,0.3448007571622109,0,9,3,0.2873487115071379
1.8716841162843143,0.10318334651503326,1.6694484733105326,2.073919759258096,0.40447128594756343,1,9,3,0.2873487115071379
1.6625744721555835,0.08408654708298721,1.497767868288597,1.82738107602257,0.32961320773397285,0,16,3,0.2873487115071379
1.7910590789277938,0.07698268389076313,1.6401757910686663,1.9419423667869213,0.30176657571825505,0,10,3,0.2873487115071379
1.6977731634595128,0.09936111155030392,1.5030289633570504,1.8925173635619752,0.3894884002049248,0,13,3,0.2873487115071379
1.7111953659967116,0.10126685225988791,1.5127159827395928,1.9096747492538304,0.39695876651423756,0,10,3,0.2873487115071379
1.5738988609867337,0.07059456823270566,1.4355360497464753,1.712261672226992,0.2767256224805168,0,12,4,0.2873487115071379
1.7549509845274498,0.0863855517153661,1.58563841438071,1.9242635546741895,0.33862514029347945,0,14,3,0.2873487115071379
1.8248926660829443,0.09047295916488725,1.6475689245450023,2.002216407620886,0.3546474830758839,1,12,3,0.2873487115071379
1.616721722108128,0.08845170001482286,1.4433595757077342,1.7900838685085219,0.34672429280078765,0,11,3,0.2873487115071379
1.8201996862538075,0.08339811731501529,1.6567423799379313,1.9836569925696836,0.32691461263175237,0,8,4,0.2873487115071379
1.9076533964104208,0.10253237170029997,1.706693640628359,2.1086131521924827,0.40191951156412364,1,11,3,0.2873487115071379
1.7090146175540395,0.08128180805368919,1.549705201170511,1.868324033937568,0.31861883276705694,0,16,3,0.2873487115071379
1.6847165728533378,0.08847049279097356,1.511317593288519,1.8581155524181565,0.3467979591296375,0,14,4,0.2873487115071379
1.6634570184028177,0.08813600375784511,1.4907136252961544,1.836200411509481,0.3454867862133266,0,12,3,0.2873487115071379
1.6504676327397618,0.07020205578663813,1.5128741317572794,1.7880611337222443,0.27518700196496493,0,16,4,0.2873487115071379
1.5710333242595484,0.06352995986569124,1.4465168909835184,1.6955497575355785,0.24903286655206003,0,15,3,0.2873487115071379
1.615646736103072,0.06845277161521611,1.4814817690953026,1.7498117031108413,0.26832993401553873,0,9,3,0.2873487115071379
1.6900514912732425,0.08230736631924387,1.5287320176251795,1.8513709649213055,0.32263894729612597,0,9,3,0.2873487115071379
1.6370857101549694,0.07798959386241426,1.4842289150157315,1.7899425052942073,0.3057135902784758,0,11,4,0.2873487115071379
1.6990131760176883,0.07559147076194862,1.5508566157858565,1.84716973624952,0.29631312046366354,0,13,3,0.2873487115071379
1.6170078106495565,0.085623930661111,1.4491879903390241,1.7848276309600888,0.33563964062106466,0,11,3,0.2873487115071379
1.6147719070140043,0.08330246064062105,1.4515020843348216,1.778041729693187,0.3265396453583653,0,9,3,0.2873487115071379
1.6994679730743512,0.08041312909949393,1.5418611361551733,1.857074809993529,0.31521367383835575,0,10,3,0.2873487115071379
1.5057666340432885,0.0867206578164831,1.3357972680073598,1.6757360000792172,0.33993873207185743,0,6,3,0.2873487115071379
1.710331434150965,0.08845575195635282,1.5369613460911051,1.8837015222108249,0.34674017611971975,0,7,4,0.2873487115071379
1.9032293715904123,0.11225921450626695,1.6832053542253727,2.123253388955452,0.44004803473007925,1,13,3,0.2873487115071379
1.6956820245654747,0.11841550469517952,1.4635919001517892,1.9277721489791602,0.46418024882737097,0,12,3,0.2873487115071379
1.6778959969456282,0.08819044492807832,1.5050459011060315,1.8507460927852248,0.3457001916791933,0,11,3,0.2873487115071379
1.6694920236758293,0.08098089694812699,1.5107723822217507,1.8282116651299078,0.31743928290815715,0,13,3,0.2873487115071379
1.7527281131093875,0.10279359437294841,1.5512563702969895,1.9541998559217855,0.402943485624796,0,8,3,0.2873487115071379
1.7543394434705362,0.09124197173261653,1.5755084649961861,1.9331704219448862,0.35766195694870007,0,11,3,0.2873487115071379
1.6692185995975413,0.08939421914764674,1.4940091496420727,1.8444280495530099,0.3504188999109372,0,9,3,0.2873487115071379
1.6918526927510955,0.0955086730707734,1.5046591333211692,1.8790462521810218,0.37438711885985265,0,9,3,0.2873487115071379
1.7814333082244997,0.08194455429864854,1.6208249330699618,1.9420416833790377,0.3212167503090759,0,9,3,0.2873487115071379
1.7332449356456006,0.08280155354736819,1.5709568728287941,1.895532998462407,0.3245761256336128,0,10,3,0.2873487115071379
1.3706036868437026,0.0893531296060452,1.1954747709099143,1.545732602777491,0.35025783186757664,0,9,3,0.2873487115071379
1.6658143165555286,0.08064239858767307,1.5077581196967658,1.8238705134142914,0.31611239371752564,0,11,3,0.2873487115071379
1.6945993715314502,0.09441772540423733,1.5095440302369525,1.879654712825948,0.3701106825889955,0,14,3,0.2873487115071379
1.6781535932723375,0.09454692667460103,1.4928450221411702,1.8634621644035048,0.37061714226233455,0,12,3,0.2873487115071379
1.7616947746867873,0.07168765168818567,1.6211895592416914,1.9021999901318831,0.28101043089019173,0,12,4,0.2873487115071379
1.5271212237748701,0.07112184176189817,1.387724975407393,1.6665174721423472,0.2787924967349542,0,14,3,0.2873487115071379
1.6806362813035005,0.09809402990794412,1.4883755155855352,1.8728970470214659,0.3845215314359307,0,11,3,0.2873487115071379
1.8237433418006201,0.07857347455361005,1.66974216153537,1.9777445220658703,0.30800236053050023,0,11,3,0.2873487115071379
1.805904079261984,0.08988181103612136,1.6297389667659514,1.9820691917580167,0.35233022499206523,0,13,3,0.2873487115071379
1.6654216261135013,0.10106282306593689,1.4673421327283211,1.8635011194986815,0.3961589867703603,0,13,3,0.2873487115071379
1.8231755064401907,0.06661935065442039,1.6926039784840818,1.9537470343962995,0.26114305591221765,0,14,3,0.2873487115071379
1.704362651911621,0.08379233874473879,1.540132685791553,1.8685926180316892,0.32845993224013625,0,13,3,0.2873487115071379
1.6536899117896788,0.07990399094486432,1.4970809673167302,1.8102988562626274,0.3132178889458972,0,10,3,0.2873487115071379
1.6661673435292856,0.09537965251563221,1.4792266597407013,1.85310802731787,0.3738813675771686,0,16,3,0.2873487115071379
1.6367732061244058,0.08836819087886953,1.4635747346228607,1.809971677625951,0.3463969430030902,0,14,3,0.2873487115071379
1.7073444169547298,0.08028989818313939,1.5499791081933887,1.864709725716071,0.3147306175226823,0,9,3,0.2873487115071379
1.584372830105001,0.10166115035893453,1.3851206367745783,1.7836250234354238,0.39850438666084553,0,12,3,0.2873487115071379
1.790778972134912,0.08641835849602245,1.6214021018796372,1.960155842390187,0.33875374051054985,0,12,3,0.2873487115071379
1.806629922017646,0.08668658754909875,1.6367273324787341,1.976532511556558,0.3398051790778238,0,13,3,0.2873487115071379
1.7089776133349333,0.10278757257980238,1.5075176730202238,1.9104375536496427,0.40291988062941897,0,10,3,0.2873487115071379
1.6678587830752207,0.07845353999643358,1.5140926702225384,1.821624895927903,0.30753222570536476,0,9,3,0.2873487115071379
1.7598476686535127,0.08685549456137455,1.589614027453804,1.9300813098532215,0.3404672823994175,0,10,3,0.2873487115071379
1.6225685334091626,0.1013213805377454,1.4239822766913042,1.821154790127021,0.3971725134357169,0,11,4,0.2873487115071379
1.6557709026213523,0.08658966002319796,1.4860582875423165,1.825483517700388,0.3394252301580716,0,14,3,0.2873487115071379
1.8115454439485252,0.07825830273480082,1.6581619890970831,1.9649288987999673,0.3067669097028842,0,7,4,0.2873487115071379
1.5994786111624428,0.08136412414323048,1.440007858208065,1.7589493641168206,0.3189415059087555,0,10,3,0.2873487115071379
1.6361730843623639,0.08430376027097367,1.4709407504699568,1.801405418254771,0.3304646677848142,0,12,3,0.2873487115071379
1.5960164322373132,0.07590629039914398,1.4472428368549526,1.7447900276196737,0.29754719076472114,0,11,3,0.2873487115071379
1.7526348049520597,0.07099821146555292,1.6134808675128172,1.8917887423913022,0.2783078748784851,0,10,3,0.2873487115071379
1.591875294744097,0.07736320088365711,1.440246207283392,1.7435043822048022,0.3032581749214103,0,13,3,0.2873487115071379
1.663495668370425,0.1077954872528215,1.4522203956589483,1.8747709410819016,0.4225505454229532,0,11,3,0.2873487115071379
1.6812782339548928,0.08799090884624579,1.5088192216493042,1.8537372462604815,0.3449180246111774,0,8,3,0.2873487115071379
1.4942079745663222,0.08874075374065023,1.3202792932737095,1.6681366558589348,0.34785736258522526,0,8,3,0.2873487115071379
1.5646916737116336,0.08781390395828297,1.3925795846115396,1.7368037628117277,0.344224178200188,0,10,5,0.2873487115071379
1.7644792572460128,0.10351822482808995,1.5615872648394364,1.9673712496525892,0.4057839848131528,0,10,3,0.2873487115071379
1.6556634844190972,0.09141629038261163,1.4764908476689231,1.8348361211692712,0.35834527350034806,0,9,3,0.2873487115071379
1.6578225749907363,0.08627216099949428,1.4887322465632864,1.8269129034181861,0.33818065685489973,0,8,3,0.2873487115071379
1.6653461625450938,0.09543276772544314,1.4783013748582488,1.852390950231939,0.37408957537369014,0,12,3,0.2873487115071379
1.693857298317446,0.10162127840764754,1.494683252575539,1.8930313440593531,0.3983480914838142,0,8,3,0.2873487115071379
1.5623798697402944,0.08796530040716154,1.3899710490530113,1.7347886904275776,0.3448176413745663,0,14,5,0.2873487115071379
1.7816510101658087,0.10612802537132154,1.5736439026876654,1.989658117643952,0.41601421495628665,0,14,3,0.2873487115071379
1.6173738823680779,0.08082121749188112,1.4589672068973123,1.7757805578388435,0.3168133509415312,0,7,4,0.2873487115071379
1.7150071779971547,0.09190141067374527,1.534883722948189,1.8951306330461204,0.3602469100979313,0,12,3,0.2873487115071379
1.5518629309010752,0.07573620619798838,1.4034226944273187,1.7003031673748317,0.29688047294751296,0,11,3,0.2873487115071379
1.68865437438215,0.09485821062291468,1.5027356979233226,1.8745730508409775,0.37183735291765485,0,10,3,0.2873487115071379
1.7404520273995372,0.07808258657317713,1.5874129698963793,1.8934910849026951,0.3060781150063159,0,5,3,0.2873487115071379
1.713001392822558,0.09861590719588612,1.519717766415877,1.906285019229239,0.3865672528133621,0,14,3,0.2873487115071379
1.6416079527945877,0.08718060794267653,1.4707371010766352,1.8124788045125402,0.34174170343590493,0,14,3,0.2873487115071379
1.6656119944990204,0.08316029275766405,1.5026208157501917,1.8286031732478492,0.32598235749765747,0,10,3,0.2873487115071379
1.703794464605995,0.08741700128249588,1.5324602904558113,1.8751286387561787,0.3426683483003674,0,13,3,0.2873487115071379
1.6814777040744373,0.0907494885620674,1.5036119748773555,1.859343433271519,0.35573145839416354,0,8,4,0.2873487115071379
1.6766331304832702,0.09225823186956846,1.4958103187415706,1.85745594222497,0.36164562348339935,0,11,3,0.2873487115071379
1.6193450373226148,0.08348056097437186,1.455726144403646,1.7829639302415836,0.3272377858379376,0,12,4,0.2873487115071379
1.6596775173414007,0.07671023711276395,1.5093282153548555,1.8100268193279458,0.30069860397309034,0,10,4,0.2873487115071379
1.6821073924460197,0.09991792481215879,1.4862718584042074,1.877942926487832,0.3916710680836246,0,10,3,0.2873487115071379
1.6247603516551241,0.09891437161899706,1.4308917457284789,1.8186289575817693,0.38773721185329046,0,8,3,0.2873487115071379
1.7198046521579684,0.10603456286475765,1.511980727826595,1.9276285764893417,0.4156478486627466,0,10,4,0.2873487115071379
1.8307375682212395,0.08124791179737169,1.671494587279304,1.989980549163175,0.3184859618838711,0,11,3,0.2873487115071379
1.8735103161528204,0.1034151956171881,1.6708202572889672,2.0762003750166733,0.4053801177277061,1,11,3,0.2873487115071379
1.702032807516594,0.09234124173782347,1.521047299422753,1.883018315610435,0.3619710161876819,0,12,3,0.2873487115071379
1.6807908844933281,0.08468435915017329,1.5148125905051335,1.8467691784815228,0.3319565879763893,0,7,4,0.2873487115071379
1.6934209047233,0.09370530115280641,1.5097618893033198,1.8770799201432802,0.3673180308399604,0,12,3,0.2873487115071379
1.832788780945163,0.11388869966260844,1.6095710313603515,2.0560065305299746,0.4464354991696231,1,10,3,0.2873487115071379
1.6351016368370184,0.09534513671605202,1.4482286027725089,1.8219746709015279,0.373746068129019,0,15,3,0.2873487115071379
1.6629377967381558,0.08664768133841694,1.4931114619709551,1.8327641315053564,0.3396526695344013,0,12,3,0.2873487115071379
1.8724638838060057,0.0898231400165521,1.696413764395265,2.0485140032167464,0.35210023882148134,1,9,3,0.2873487115071379
1.6889297384907764,0.08015136648905638,1.5318359468605554,1.8460235301209975,0.31418758326044216,0,8,3,0.2873487115071379
1.648097835349501,0.10458159883382669,1.4431216681895846,1.8530740025094175,0.4099523343198328,0,9,3,0.2873487115071379
1.7597646496088863,0.1001093462412024,1.5635539364602795,1.9559753627574932,0.39242142629721366,0,9,3,0.2873487115071379
1.7178961794003464,0.06721465712023231,1.5861578722114824,1.8496344865892105,0.26347661437772807,0,9,3,0.2873487115071379
1.7313960234141839,0.07646112202118786,1.5815349780351333,1.8812570687932344,0.2997220907581011,0,14,3,0.2873487115071379
1.6768517325375307,0.08277213468453139,1.5146213296323505,1.839082135442711,0.3244608058103604,0,6,3,0.2873487115071379
1.7307348064877086,0.1178812809987151,1.4996917412787811,1.961777871696636,0.46208613041785496,0,14,4,0.2873487115071379
1.7503691832569315,0.06726292621697186,1.6185362703768917,1.8822020961369712,0.26366582576007946,0,12,4,0.2873487115071379
1.7502385670256606,0.08105935548548296,1.5913651496640848,1.9091119843872364,0.31774683472315157,0,11,3,0.2873487115071379
1.7217712185000371,0.08888483426869588,1.5475601445615816,1.8959822924384926,0.34842214787691095,0,7,3,0.2873487115071379
1.699934065832919,0.08370731554095157,1.5358707421301239,1.863997389535714,0.32812664740559017,0,16,4,0.2873487115071379
1.6689690561242965,0.09128314542312549,1.4900573786994382,1.8478807335491547,0.3578233548497165,0,7,3,0.2873487115071379
1.6686279752124622,0.09099543703053982,1.4902801958751217,1.8469757545498027,0.35669555867468095,0,7,3,0.2873487115071379
1.6626059905103023,0.09098075951842627,1.4842869785680872,1.8409250024525174,0.3566380238844302,0,11,3,0.2873487115071379
1.6662462639132756,0.07589290433873035,1.5174989047272205,1.8149936230993307,0.29749471837211017,0,10,3,0.2873487115071379
1.5740013192916813,0.08229901719868792,1.4126982096192104,1.7353044289641522,0.3226062193449417,0,13,3,0.2873487115071379
1.5470503401752702,0.07740077390333291,1.39534761094921,1.6987530694013304,0.3034054584521204,0,18,3,0.2873487115071379
1.544673956131771,0.07545778136904971,1.3967794222951362,1.692568489968406,0.29578906767326973,0,10,4,0.2873487115071379
1.7044139648669328,0.09188553753506594,1.5243216205981003,1.8845063091357652,0.36018468853766494,0,11,3,0.2873487115071379
1.624978045794048,0.08891035619976981,1.4507169497898715,1.7992391417982243,0.34852219200835277,0,8,3,0.2873487115071379
1.6600908829304457,0.08699543133283387,1.489582970698564,1.8305987951623275,0.34101582446376355,0,16,4,0.2873487115071379
1.676394283864107,0.0732910612591938,1.5327464434073683,1.8200421243208458,0.28729568091347746,0,11,3,0.2873487115071379
1.6364005949037845,0.0848646206505247,1.470068994867102,1.802732194940467,0.33266320007336514,0,9,3,0.2873487115071379
1.6158846879315087,0.07402782001101857,1.4707928268558987,1.7609765490071188,0.29018372215122,0,6,3,0.2873487115071379
1.7811366531329693,0.08602492904031005,1.6125308904413478,1.9497424158245908,0.33721152538324306,0,8,3,0.2873487115071379
1.7854658657211804,0.08530074216984418,1.6182794832137488,1.952652248228612,0.3343727650148631,0,10,3,0.2873487115071379
1.786642042285637,0.0836542159911766,1.6226827917879962,1.9506012927832779,0.32791850099528164,0,9,3,0.2873487115071379
1.6252216650106543,0.07922750230732281,1.4699386139032375,1.7805047161180712,0.3105661022148336,0,10,3,0.2873487115071379
1.733586624382092,0.07873164310828151,1.5792754394461992,1.887897809317985,0.3086223698717858,0,13,4,0.2873487115071379
1.709321737139357,0.08726748760400345,1.5382806044142145,1.8803628698644994,0.34208226545028486,0,9,3,0.2873487115071379
1.7255215013530032,0.09882141229690404,1.5318350923496877,1.9192079103563187,0.3873728180066309,0,11,3,0.2873487115071379
1.768691722376356,0.0893403253504395,1.5935879023224038,1.9437955424303084,0.3502076401079046,0,11,3,0.2873487115071379
1.7019444303989104,0.08180341857138382,1.5416126761867432,1.8622761846110776,0.32066350842433433,0,16,6,0.2873487115071379
1.6193827866049522,0.09344997402661374,1.4362242031565857,1.8025413700533186,0.3663171668967329,0,10,3,0.2873487115071379
1.6725567063220386,0.08274587786735071,1.5103777658328812,1.834735646811196,0.32435788097831475,0,10,3,0.2873487115071379
1.7614582764140523,0.09937261414019909,1.5666915316496663,1.9562250211784382,0.38953348952877187,0,10,3,0.2873487115071379
1.7909679431102492,0.07558038864939645,1.6428331034198922,1.9391027828006062,0.296269679380714,0,9,4,0.2873487115071379
1.6487748322552378,0.09174498892712227,1.4689579581960521,1.8285917063144235,0.35963374811837134,0,9,3,0.2873487115071379
1.641782169025169,0.08083496839229275,1.4833485422848416,1.8002157957654965,0.3168672534806549,0,10,3,0.2873487115071379
1.5936695760045083,0.08556574204135722,1.4259638032930033,1.7613753487160133,0.33541154542301,0,9,3,0.2873487115071379
1.5716587908620767,0.099815652479301,1.3760237069092807,1.7672938748148728,0.3912701679055921,0,14,4,0.2873487115071379
1.7340760593485602,0.09188983279429888,1.553975296526327,1.9141768221707935,0.3602015256444666,0,13,3,0.2873487115071379
1.6648866377971399,0.0910053392569112,1.4865194504527448,1.843253825141535,0.3567343746887901,0,11,3,0.2873487115071379
1.6536042798834607,0.09304669090468627,1.471236116829645,1.8359724429372763,0.3647363261076313,0,14,4,0.2873487115071379
1.798729068497209,0.09722693190434621,1.608167783637362,1.989290353357056,0.38112256971969405,0,14,3,0.2873487115071379
1.646372351897771,0.08686756734101925,1.4761150484847656,1.8166296553107766,0.340514606826011,0,8,4,0.2873487115071379
1.6076951097284833,0.09621267718523532,1.4191217275892436,1.796268491867723,0.3771467642784794,0,11,3,0.2873487115071379
1.833738986468282,0.09191658407980717,1.6535857920899122,2.0138921808466517,0.3603063887567395,1,6,3,0.2873487115071379
1.6856850745396899,0.11136605852858843,1.467411610723477,1.9039585383559028,0.43654692763242586,0,11,3,0.2873487115071379
1.6457789948495232,0.08177664728656331,1.485499711391424,1.8060582783076224,0.32055856691619855,0,11,3,0.2873487115071379
1.6756351652656594,0.09337290973996423,1.4926276250436201,1.8586427054876986,0.3660150804440785,0,8,3,0.2873487115071379
1.6560376311876857,0.07876169311937053,1.5016675493123233,1.810407713063048,0.30874016375072477,0,15,3,0.2873487115071379
1.6595386452971566,0.07943241859328573,1.5038539656494068,1.8152233249449063,0.3113693592954996,0,15,4,0.2873487115071379
1.6722881154274174,0.09365992866597053,1.4887180284475245,1.8558582024073103,0.3671401739597857,0,13,5,0.2873487115071379
1.6354786311482723,0.09372087571807194,1.4517890901412969,1.8191681721552477,0.36737908201395086,0,13,3,0.2873487115071379
1.6742535675639036,0.09380597357414495,1.4903972378238635,1.8581098973039438,0.36771265948008036,0,10,3,0.2873487115071379
1.5521488802124872,0.08852778648636066,1.3786376070681685,1.725660153356806,0.3470225462886374,0,7,3,0.2873487115071379
1.6443429802675074,0.11371543259578304,1.4214648278933806,1.8672211326416341,0.44575630474825356,0,11,3,0.2873487115071379
1.6952572424394177,0.09987536441958175,1.4995051252342242,1.8910093596446111,0.39150423441038695,0,12,3,0.2873487115071379
1.8001834944587203,0.07936774142746221,1.6446255797266067,1.9557414091908338,0.3111158294642271,0,11,4,0.2873487115071379
1.576174296593131,0.09063794885613805,1.398527181202517,1.7538214119837447,0.3552942307812277,0,5,4,0.2873487115071379
1.537141414116593,0.09523899548473028,1.350476413042749,1.7238064151904373,0.3733300021476884,0,14,5,0.2873487115071379
1.7195031721856044,0.08359024075170883,1.5556693108532227,1.8833370335179862,0.3276677226647635,0,13,4,0.2873487115071379
1.6136689379502767,0.1130434766527281,1.392107795023735,1.8352300808768183,0.4431222858530832,0,16,3,0.2873487115071379
1.7440361391619335,0.09176773272750044,1.5641746880731349,1.923897590250732,0.35972290217759717,0,16,4,0.2873487115071379
1.7235543050960962,0.08202306889410807,1.5627920441621967,1.8843165660299956,0.3215245218677989,0,6,3,0.2873487115071379
1.6157894997455446,0.08371650176154702,1.4517081713812285,1.7798708281098607,0.3281626567286322,0,5,3,0.2873487115071379
1.6489397181068979,0.07993111196226026,1.492277617416629,1.8056018187971667,0.31332420138053774,0,12,3,0.2873487115071379
1.7468930272255134,0.07878197107036035,1.5924832012965306,1.9013028531544962,0.30881965185796556,0,10,4,0.2873487115071379
1.7582871355793273,0.07999964419112941,1.6014907141886947,1.9150835569699598,0.3135928427812651,0,11,3,0.2873487115071379
1.663505873731923,0.09107638467010751,1.4849994399363964,1.8420123075274497,0.35701286759105333,0,10,3,0.2873487115071379
1.761452438219577,0.07962220447582591,1.6053957850772744,1.9175090913618797,0.3121133062846053,0,13,3,0.2873487115071379
1.6863122124675987,0.09355395785915042,1.502949824452486,1.8696746004827114,0.36672477603022546,0,14,3,0.2873487115071379
1.7693500471808261,0.07788983870069172,1.6166887685658362,1.922011325795816,0.3053225572299798,0,7,3,0.2873487115071379
1.674082533725017,0.08715190578084472,1.503267937210533,1.8448971302395007,0.34162919302896766,0,14,3,0.2873487115071379
1.6718668120108275,0.08102431965047097,1.5130620636240435,1.8306715603976116,0.3176094967735681,0,12,3,0.2873487115071379
1.6210397117597224,0.07424926877884298,1.4755138190747559,1.766565604444689,0.29105178536993304,0,7,3,0.2873487115071379
1.6594880738431375,0.1110393122215571,1.4418550210207872,1.8771211266654877,0.4352661056447005,0,10,3,0.2873487115071379
1.6293933622021983,0.08241920512276943,1.467854688527151,1.7909320358772456,0.3230773473500945,0,13,4,0.2873487115071379
1.7577042277720412,0.0968783197531643,1.5678262101730838,1.9475822453709986,0.3797560351979148,0,9,3,0.2873487115071379
1.6829093627401648,0.0922724851476144,1.5020586150868336,1.863760110393496,0.3617014953066624,0,10,3,0.2873487115071379
1.6816211383637256,0.1118757169696662,1.4623487623585834,1.9008935143688679,0.43854475201028453,0,12,3,0.2873487115071379
1.5225271258041664,0.10765978294099536,1.3115178286564158,1.733536422951917,0.42201859429550126,0,10,4,0.2873487115071379
1.7435036660324106,0.09970860292269726,1.5480783953551187,1.9389289367097025,0.39085054135458375,0,14,3,0.2873487115071379
1.5248215307568616,0.09496919646391998,1.3386853260468699,1.7109577354668533,0.3722724094199834,0,14,3,0.2873487115071379
1.6017446919293277,0.09053974579751603,1.4242900509967846,1.7791993328618707,0.3549092818650861,0,12,4,0.2873487115071379
1.7013703478442017,0.08894087527330899,1.527049435555047,1.8756912601333564,0.3486418245783094,0,14,3,0.2873487115071379
1.6376255365503205,0.09254093271609881,1.4562486413310225,1.8190024317696185,0.362753790438596,0,13,4,0.2873487115071379
1.5908329176855927,0.08717025022541719,1.4199823667204305,1.7616834686507548,0.3417011019303242,0,9,4,0.2873487115071379
1.6862482875910985,0.0852487713914272,1.5191637659376127,1.8533328092445842,0.3341690433069715,0,8,3,0.2873487115071379
1.7761187839370156,0.07855557330469862,1.6221526894749103,1.930084878399121,0.3079321889242106,0,15,3,0.2873487115071379
1.6867122628128972,0.09507487004417275,1.5003689416914925,1.873055583934302,0.37268664224280945,0,7,3,0.2873487115071379
1.7083667808475864,0.07947642468618177,1.55259585084266,1.8641377108525128,0.31154186000985273,0,7,3,0.2873487115071379
1.6777155004324258,0.08974099816506659,1.5018263760922201,1.8536046247726314,0.3517782486804113,0,8,4,0.2873487115071379
1.5039436833976185,0.07922071406028992,1.3486739370099043,1.6592134297853327,0.31053949277542836,0,10,5,0.2873487115071379
1.6783764647059067,0.09009906012527227,1.5017855518194643,1.8549673775923492,0.3531818257728849,0,12,4,0.2873487115071379
1.7227729952218178,0.10895239874714517,1.5092302176481664,1.9363157727954692,0.42708555514730273,0,9,3,0.2873487115071379
1.7821192375293076,0.09124399009584551,1.603284303135721,1.9609541719228942,0.35766986878717333,0,9,3,0.2873487115071379
1.670699475581995,0.08526778875034227,1.5035776805899546,1.8378212705740355,0.334243589984081,0,10,3,0.2873487115071379
1.773767183729075,0.08903518886752046,1.5992614201920132,1.9482729472661366,0.3490115270741234,0,10,3,0.2873487115071379
1.6854054592308367,0.09369835812771243,1.5017600518899845,1.869050866571689,0.36729081468170444,0,11,5,0.2873487115071379
1.8045744176478635,0.09629373603276191,1.6158421630868434,1.9933066722088837,0.3774645091220403,0,7,3,0.2873487115071379
1.671113881696693,0.09382506393517656,1.487220135536579,1.855007627856807,0.367787492320228,0,11,3,0.2873487115071379
1.8429719214631042,0.10585247675278267,1.6355048793532867,2.0504389635729217,0.41493408421963496,1,14,3,0.2873487115071379
1.7662705304650412,0.08671358324855374,1.5963150303274602,1.9362260306026222,0.33991100027516197,0,8,3,0.2873487115071379
1.627985612900948,0.0780343766235995,1.4750410451626588,1.7809301806392372,0.3058891354765785,0,11,3,0.2873487115071379
1.6338047096730968,0.08084452747806206,1.4753523474689363,1.7922570718772572,0.31690472440832096,0,6,3,0.2873487115071379
1.6327045031966847,0.08664573533934528,1.4628819825175785,1.802527023875791,0.3396450413582124,0,12,3,0.2873487115071379
1.7091878893693178,0.08443020700131527,1.5437077244394783,1.8746680542991572,0.3309603298596788,0,10,3,0.2873487115071379
1.7599581884218187,0.10572672872489113,1.5527376079177957,1.9671787689258418,0.41444116100804607,0,9,3,0.2873487115071379
1.7684053419870764,0.07995952566576764,1.6116875514612659,1.925123132512887,0.31343558105162117,0,15,3,0.2873487115071379
1.5946359517342854,0.08422078012063404,1.4295662559479758,1.759705647520595,0.3301393915726192,0,10,3,0.2873487115071379
1.7774767757185335,0.07118332496645004,1.6379600224844806,1.9169935289525863,0.27903350646810576,0,8,3,0.2873487115071379
1.682506029017934,0.09593093750986562,1.4944848464954348,1.870527211540433,0.3760423650449982,0,9,3,0.2873487115071379
1.7860224962807765,0.0887142547953564,1.612145751966568,1.9598992405949849,0.3477534886284168,0,9,3,0.2873487115071379
1.8121751335955332,0.08859785015100236,1.638526538191892,1.9858237289991743,0.34729719080728216,0,9,3,0.2873487115071379
1.609295389634745,0.07762335408806484,1.457156411262938,1.761434368006552,0.304277956743614,0,13,6,0.2873487115071379
1.6028540343011635,0.07680052557158626,1.452327770187107,1.75338029841522,0.3010525282281131,0,10,3,0.2873487115071379
1.6473186802771878,0.07307387714104081,1.504096512870043,1.7905408476843325,0.28644433481428955,0,14,3,0.2873487115071379
1.6749073729279988,0.0914904289942855,1.4955894271690802,1.8542253186869175,0.35863589151783737,0,10,3,0.2873487115071379
1.620185871472832,0.08542013614189092,1.4527654810802177,1.7876062618654465,0.3348407807852287,0,12,3,0.2873487115071379
1.678426552382654,0.09150754850212259,1.4990750530049417,1.8577780517603664,0.35870299875542466,0,12,4,0.2873487115071379
1.6357011602704765,0.0730014363954619,1.4926209741156797,1.7787813464252733,0.28616037230959357,0,8,3,0.2873487115071379
1.663690452907067,0.10167516556317703,1.464410790281093,1.8629701155330411,0.39855932525194815,0,8,3,0.2873487115071379
1.5465650402107798,0.076591382901769,1.3964486881971956,1.696681392224364,0.3002327040271684,0,9,3,0.2873487115071379
1.680238919011774,0.06989793434584164,1.543241485100179,1.8172363529233688,0.2739948678231898,0,13,3,0.2873487115071379
1.7282339211916533,0.07889575788376603,1.57360107720648,1.8828667651768267,0.3092656879703468,0,10,3,0.2873487115071379
1.5650505684639022,0.09170938796875824,1.385303471000925,1.7447976659268793,0.35949419492595425,0,11,3,0.2873487115071379
1.7009157991122645,0.07345077877888735,1.5569549180692264,1.8448766801553027,0.28792176208607634,0,9,3,0.2873487115071379
1.749082813129308,0.09300312337011304,1.566800040874151,1.931365585384465,0.364565544510314,0,10,3,0.2873487115071379
1.6508328101101348,0.08894607939064574,1.476501697938429,1.8251639222818408,0.3486622243434119,0,13,3,0.2873487115071379
1.7027018184776912,0.08828943171775655,1.52965771209538,1.8757459248600024,0.3460882127646223,0,8,3,0.2873487115071379
1.6536447407457564,0.08781701844362015,1.4815265473665713,1.8257629341249415,0.3442363867583702,0,11,5,0.2873487115071379
1.554998034237366,0.07317498629751157,1.4115776965250313,1.6984183719497006,0.2868406754246693,0,12,4,0.2873487115071379
1.6025816115701794,0.07885616034072568,1.4480263773432414,1.7571368457971175,0.30911046845387613,0,11,3,0.2873487115071379
1.6269428167461033,0.09240455057250961,1.4458332256163744,1.8080524078758322,0.3622191822594578,0,15,3,0.2873487115071379
1.7543668860589317,0.09017771596252928,1.5776218105642914,1.931111961553572,0.3534901509892805,0,7,3,0.2873487115071379
1.6789973617794263,0.09080247094005596,1.5010277890296717,1.8569669345291808,0.3559391454995091,0,9,4,0.2873487115071379
1.625385526797192,0.06953301523181833,1.4891033212063531,1.7616677323880308,0.2725644111816776,0,12,3,0.2873487115071379
1.8639284194056875,0.09188714687370676,1.68383292089108,2.044023917920295,0.360190997029215,1,9,3,0.2873487115071379
1.6834668545957105,0.09474459983941262,1.4977708511808023,1.8691628580106188,0.37139200682981643,0,7,3,0.2873487115071379
1.7458638821433416,0.08368527430300192,1.5818437584731027,1.9098840058135806,0.328040247340478,0,12,5,0.2873487115071379
1.8638103332641462,0.09303009708868124,1.6814746934920666,2.046145973036226,0.36467127954415934,1,11,3,0.2873487115071379
1.6163917114424677,0.08543963788121166,1.4489330983431488,1.7838503245417867,0.33491722619863795,0,13,4,0.2873487115071379
1.5760984909666305,0.10146405449317533,1.3772325984345974,1.7749643834986635,0.39773178506406603,0,10,3,0.2873487115071379
1.698032557917183,0.09453185084673839,1.5127535348656638,1.8833115809687024,0.37055804610303866,0,10,3,0.2873487115071379
1.6612059066886449,0.07395044604204878,1.5162656958055567,1.806146117571733,0.28988042176617634,0,12,5,0.2873487115071379
1.7817015727081773,0.10871613652202414,1.5686218605866704,1.9947812848296842,0.4261594242430138,0,9,3,0.2873487115071379
1.7825442557882327,0.08220216293311564,1.6214309769880326,1.9436575345884328,0.3222265576004002,0,14,4,0.2873487115071379
1.6425041178759872,0.09058043095643885,1.46496973549725,1.8200385002547244,0.3550687647574744,0,16,3,0.2873487115071379
1.6795856834377692,0.08558733324607672,1.5118375927426313,1.847333774132907,0.3354961813902757,0,12,3,0.2873487115071379
1.6818814243496556,0.08417300850670313,1.516905359206134,1.8468574894931773,0.3299521302870434,0,12,3,0.2873487115071379
1.7970355111533824,0.07725737433906738,1.6456138399086815,1.9484571823980834,0.3028433424894019,0,11,3,0.2873487115071379
1.601953120054925,0.08748181117401747,1.4304919208515172,1.773414319258333,0.3429223984068157,0,11,3,0.2873487115071379
1.6369286860201595,0.09308103786581003,1.4544932041595628,1.8193641678807562,0.3648709637211933,0,11,3,0.2873487115071379
1.6338235039810893,0.08791910300589531,1.4615052285364674,1.8061417794257113,0.34463655088924394,0,14,3,0.2873487115071379
1.6844017997277017,0.10122972288243971,1.4859951887131495,1.8828084107422538,0.3968132220291043,0,12,3,0.2873487115071379
1.5621784062065474,0.09673427080438125,1.3725827193592157,1.751774093053879,0.37919137369466327,0,11,4,0.2873487115071379
1.7775179826046275,0.0943373277272898,1.5926202178613877,1.9624157473478672,0.3697955294864794,0,11,3,0.2873487115071379
1.5243085739978983,0.07585425987100526,1.375636956576786,1.6729801914190106,0.29734323484222447,0,12,4,0.2873487115071379
1.709096096659155,0.09045751520563305,1.53180262472513,1.8863895685931802,0.35458694386805023,0,10,3,0.2873487115071379
1.5242789587739547,0.07476905004699119,1.3777343135235791,1.6708236040243303,0.29308929050075117,0,12,3,0.2873487115071379
1.6108103282542467,0.09141446419893212,1.4316412707583137,1.7899793857501798,0.3583381149918661,0,9,3,0.2873487115071379
1.7345275772789153,0.0947251669715549,1.5488696615851245,1.920185492972706,0.3713158313875815,0,15,3,0.2873487115071379
1.6277784096848644,0.08556520436948498,1.4600736907908647,1.7954831285788642,0.3354094377879995,0,10,3,0.2873487115071379
1.6966279100808384,0.12026479146428032,1.4609132502026287,1.932342569959048,0.4714293197564192,0,12,3,0.2873487115071379
1.713513802227355,0.08075031318663237,1.5552460966412258,1.8717815078134843,0.3165354111722585,0,11,3,0.2873487115071379
1.6124743410905378,0.07902849431539855,1.4575813384799283,1.7673673437011472,0.3097860052212189,0,13,3,0.2873487115071379
1.7293881316324966,0.11264203260736208,1.5086138045766806,1.9501624586883126,0.441548654111632,0,5,3,0.2873487115071379
1.671151718424746,0.1044628563280125,1.4664082822996594,1.8758951545498326,0.4094868722501732,0,12,4,0.2873487115071379
1.6294540045801011,0.08622633092102779,1.4604535014558542,1.7984545077043481,0.33800100624849394,0,14,3,0.2873487115071379
1.6055987025600258,0.07728126244246986,1.454130211492997,1.7570671936270545,0.3029369821340575,0,7,3,0.2873487115071379
1.7094906736506315,0.09366066924074458,1.5259191351708536,1.8930622121304093,0.3671430769595556,0,13,4,0.2873487115071379
1.71373539052138,0.08156335649660601,1.5538741493298311,1.8735966317129287,0.31972248238309753,0,18,4,0.2873487115071379
1.9442234672518426,0.10419155425995427,1.7400117734090814,2.148435161094604,0.40842338768552255,1,13,3,0.2873487115071379
1.745968772539089,0.07663426445462891,1.5957683742262985,1.8961691708518797,0.3004007966255813,0,10,3,0.2873487115071379
1.7402777213661569,0.08606256749577308,1.5715981886573942,1.9089572540749196,0.33735906541752536,0,10,3,0.2873487115071379
1.7140027465309986,0.08375233941365227,1.5498511776592656,1.8781543154027316,0.328303137743466,0,9,3,0.2873487115071379
1.7463894011120469,0.1063010164543666,1.5380432373414887,1.954735564882605,0.4166923275411163,0,12,3,0.2873487115071379
1.6402337192090344,0.0861772036926979,1.4713295036829743,1.8091379347350944,0.3378084310521201,0,12,3,0.2873487115071379
1.7169866012151678,0.1139921216332405,1.4935661482927072,1.9404070541376284,0.4468409058449212,0,10,3,0.2873487115071379
1.7330043146167218,0.09372079150304492,1.5493149386681662,1.9166936905652774,0.3673787518971112,0,11,4,0.2873487115071379
1.710904912280831,0.07046892916324338,1.5727883490917698,1.8490214754698924,0.2762331263781226,0,11,3,0.2873487115071379
1.720906171667092,0.09730106758122056,1.5301995835506017,1.9116127597835821,0.38141317623298043,0,7,3,0.2873487115071379
1.8029983916365593,0.09081466299411778,1.625004922899946,1.9809918603731727,0.35598693747322674,0,11,3,0.2873487115071379
1.869245694446844,0.09063820407351951,1.6915980788393543,2.046893310054334,0.35529523121497975,1,10,3,0.2873487115071379
1.6968523312381047,0.07958107714398242,1.5408762861849956,1.8528283762912139,0.31195209010621827,0,12,3,0.2873487115071379
1.6588069719377134,0.09471524578717558,1.4731685014079903,1.8444454424674366,0.3712769410594463,0,11,4,0.2873487115071379
1.6113533859062568,0.08378417330926725,1.447139423745631,1.7755673480668825,0.32842792432125156,0,17,5,0.2873487115071379
1.6665719163499926,0.09410476399121022,1.482129968153579,1.8510138645464063,0.36888389639282737,0,11,3,0.2873487115071379
1.6958172571658006,0.10730713319503883,1.485499140819282,1.9061353735123192,0.4206362326930373,0,11,4,0.2873487115071379
1.7247966757846611,0.0696509942840498,1.5882832355005183,1.861310116068804,0.2730268805682856,0,17,3,0.2873487115071379
1.6968130428888064,0.10373150073126026,1.493503037393246,1.9001230483843667,0.40662001099112066,0,13,3,0.2873487115071379
1.6719561560227691,0.09554117531663775,1.484698893361532,1.8592134186840064,0.3745145253224744,0,9,3,0.2873487115071379
1.5618159874471624,0.0844774149785184,1.3962432965822218,1.727388678312103,0.3311453817298813,0,11,3,0.2873487115071379
1.5922626295262894,0.10614188669010594,1.3842283543625504,1.8002969046900283,0.4160685503274779,0,14,4,0.2873487115071379
1.4890230070485768,0.07462055393936112,1.3427694088210005,1.6352766052761532,0.29250719645515266,0,13,5,0.2873487115071379
1.5928443072514722,0.08394961478410921,1.428306085758607,1.7573825287443374,0.32907644298573047,0,9,3,0.2873487115071379
1.61195340367198,0.08072837461499761,1.4537286968961272,1.770178110447833,0.31644941355170575,0,19,5,0.2873487115071379
1.693566446932302,0.06645451041627151,1.563317999906168,1.823814893958436,0.26049689405226806,0,15,3,0.2873487115071379
1.652490750046388,0.10744000466276121,1.4419122104085604,1.8630692896842154,0.42115707927565493,0,11,4,0.2873487115071379
1.7725267210264914,0.08395166327685305,1.6079844845616256,1.9370689574913573,0.32908447292973175,0,12,3,0.2873487115071379
1.709085100175127,0.09824229216065603,1.5165337457815795,1.9016364545686746,0.38510270878709507,0,8,3,0.2873487115071379
1.6385481923104352,0.08779179425867639,1.4664794374252792,1.8106169471955913,0.3441375097703121,0,10,3,0.2873487115071379
1.751336625720354,0.08759837549104763,1.5796469646536844,1.9230262867870236,0.3433793221333392,0,8,3,0.2873487115071379
1.6745242798611957,0.10846747405431996,1.4619319372206958,1.8871166225016955,0.42518468528099973,0,7,3,0.2873487115071379
1.5972615695061525,0.08380001480251341,1.4330165585893029,1.7615065804230021,0.32849002183369924,0,12,3,0.2873487115071379
1.6905349960798617,0.08370046321190124,1.5264851026952155,1.8545848894645078,0.3280997867692923,0,10,3,0.2873487115071379
1.6838898790242565,0.08489318337898862,1.5175022970684844,1.8502774609800285,0.33277516391154416,0,9,3,0.2873487115071379
1.7060742272534677,0.09214576995958801,1.5254718368049625,1.886676617701973,0.36120478089701047,0,11,3,0.2873487115071379
1.7926398573847542,0.08629189519274816,1.6235108506492628,1.9617688641202455,0.3382580134709827,0,13,4,0.2873487115071379
1.6520158997439198,0.08998963955253528,1.4756394472392096,1.82839235224863,0.35275290500942047,0,11,4,0.2873487115071379
1.622675792128769,0.09809627220513138,1.4304106315890739,1.814940952668464,0.38453032107939,0,7,4,0.2873487115071379
1.6957107964535887,0.07954681880857326,1.5398018965040516,1.8516196964031257,0.3118177998990741,0,10,4,0.2873487115071379
1.6721798583919996,0.09565469815223679,1.4847000950615654,1.8596596217224337,0.3749595266608683,0,6,3,0.2873487115071379
1.7067047373662878,0.09094903843263825,1.5284478976097677,1.8849615771228079,0.35651367951304014,0,14,4,0.2873487115071379
1.633662164988857,0.09220568110205939,1.452942350858835,1.8143819791188789,0.36143962826004383,0,12,3,0.2873487115071379
1.6600230571708474,0.09931012691914907,1.4653787851092135,1.8546673292324813,0.38928854412326785,0,9,4,0.2873487115071379
1.7254537686945863,0.09335537140998218,1.542480602967661,1.9084269344215117,0.3659463314538507,0,12,3,0.2873487115071379
1.5636140627670558,0.0700869601035949,1.426246145178114,1.7009819803559976,0.27473583517788347,0,13,4,0.2873487115071379
1.5570433728651896,0.063152325331193,1.4332670896760948,1.6808196560542843,0.24755256637818945,0,17,3,0.2873487115071379
1.5941084068549705,0.07329816108993828,1.4504466509856764,1.7377701627242645,0.28732351173858817,0,12,3,0.2873487115071379
1.566328310985121,0.08476963382043816,1.4001828817144135,1.7324737402558283,0.3322908585414148,0,13,4,0.2873487115071379
1.613889583625257,0.08614787330142964,1.4450428546097351,1.7827363126407787,0.33769345803104356,0,11,4,0.2873487115071379
1.6294003305751725,0.09284159431801554,1.4474341494445835,1.8113665117057616,0.3639323622611781,0,11,3,0.2873487115071379
1.6009545991347545,0.10209520695300389,1.4008516705127034,1.8010575277568055,0.40020585724410207,0,12,3,0.2873487115071379
1.7156981345873703,0.08452285390943147,1.5500363850543442,1.8813598841203965,0.3313234990660523,0,14,3,0.2873487115071379
1.6085631719984392,0.08430120780043195,1.4433358408563655,1.773790503140513,0.33045466228414755,0,10,3,0.2873487115071379
1.6795486117068261,0.08941413951372873,1.504300118551278,1.8547971048623741,0.35049698631109605,0,13,3,0.2873487115071379
1.6936791479483086,0.07240666534327717,1.5517646916348409,1.8355936042617764,0.28382891262693555,0,9,3,0.2873487115071379
1.624228672218287,0.08846550440872858,1.4508394697030096,1.7976178747335645,0.3467784050305549,0,11,3,0.2873487115071379
1.7730670372324655,0.08699722561509872,1.6025556082719665,1.9435784661929645,0.34102285792099796,0,10,3,0.2873487115071379
1.7175742183302245,0.07876789242546486,1.563191986038188,1.871956450622261,0.30876446458407303,0,9,3,0.2873487115071379
1.6096361012077582,0.08294588147399147,1.447065160852807,1.7722070415627096,0.3251418807099027,0,10,4,0.2873487115071379
1.6201387843517483,0.09058979407934517,1.442586050589332,1.7976915181141646,0.35510546752483263,0,11,3,0.2873487115071379
1.6084051602980893,0.08162592839981705,1.4484212804298027,1.768389040166376,0.3199677597365733,0,9,3,0.2873487115071379
1.5125578290772261,0.08530739194896399,1.3453584132422145,1.6797572449122378,0.33439883167002327,0,16,3,0.2873487115071379
1.6466538618077613,0.10697353237808745,1.4369895910476806,1.856318132567842,0.4193285415201613,0,8,3,0.2873487115071379
1.6950214090378344,0.08933485798420475,1.5199283048247927,1.870114513250876,0.3501862084260834,0,8,3,0.2873487115071379
1.677538667557284,0.09282046100929664,1.4956139069506582,1.85946342816391,0.36384952121325176,0,6,3,0.2873487115071379
1.8123418017766328,0.10892644696667174,1.598849888758044,2.0258337147952217,0.42698382603717766,1,8,4,0.2873487115071379
1.6240627814763346,0.0757920665692922,1.4755130606866598,1.7726125022660095,0.29709944157934975,0,14,3,0.2873487115071379
1.619233147079381,0.07734681430318022,1.4676361767262402,1.7708301174325218,0.3031939407062816,0,11,3,0.2873487115071379
1.6815327508284603,0.09193173794309126,1.5013498554238272,1.8617156462330935,0.36036579080926634,0,9,3,0.2873487115071379
1.8037668388742896,0.09492761607584829,1.6177121302273814,1.9898215475211978,0.3721094172938164,0,9,3,0.2873487115071379
1.699699047451206,0.08743425721580392,1.528331052293219,1.8710670426091929,0.3427359903159739,0,13,3,0.2873487115071379
1.8044388914436502,0.07378955989826612,1.6598140116079876,1.9490637712793129,0.28924975967132527,0,13,3,0.2873487115071379
1.5999083617138852,0.1119734204793773,1.380444490348546,1.8193722330792244,0.43892774273067836,0,7,3,0.2873487115071379
1.7085153780187947,0.09991280226800703,1.512689883979029,1.9043408720585604,0.39165098807953136,0,10,3,0.2873487115071379
1.6489448717926427,0.08387141423613308,1.4845599205573818,1.8133298230279036,0.32876990247052174,0,8,4,0.2873487115071379
1.6975298389869007,0.0760174618912076,1.5485383514839877,1.8465213264898137,0.29798297500582605,0,9,3,0.2873487115071379
1.678385997568434,0.08125755612974309,1.5191241140823957,1.8376478810544725,0.31852376697207685,0,7,3,0.2873487115071379
1.6779088093814807,0.0709876916945452,1.538775490314539,1.8170421284484224,0.2782666381338834,0,12,3,0.2873487115071379
1.8005402861143311,0.09162291726384304,1.6209626681187057,1.9801179041099566,0.3591552359912509,0,9,3,0.2873487115071379
1.7139159035117117,0.07113924473002836,1.5744855459534752,1.8533462610699483,0.27886071511647303,0,7,3,0.2873487115071379
1.5372305832374944,0.09005814482903185,1.3607198628580999,1.713741303616889,0.35302144075878905,0,8,3,0.2873487115071379
1.8093997405808606,0.09637906345706143,1.6205002473413197,1.9982992338204015,0.37779898647908183,0,8,3,0.2873487115071379
1.7383316069450543,0.08845080536194844,1.564971214032073,1.9116919998580355,0.34672078582596244,0,12,4,0.2873487115071379
1.741658507755302,0.0948385935389699,1.555778280074488,1.927538735436116,0.37176045536162805,0,13,3,0.2873487115071379
1.5976215608992543,0.07561183317619477,1.4494250910688617,1.745818030729647,0.29639293966078517,0,11,3,0.2873487115071379
1.5074012011277014,0.07460017237158033,1.3611875500389239,1.6536148522164789,0.29242730217755497,0,11,4,0.2873487115071379
1.710231594925962,0.08881806734230636,1.5361513817585886,1.8843118080933356,0.3481604263347471,0,13,3,0.2873487115071379
1.7955131653491376,0.08311082655829045,1.6326189385695333,1.958407392128742,0.3257884535592086,0,15,4,0.2873487115071379
1.794280780925744,0.09608282054564567,1.6059619131232532,1.9825996487282347,0.3766377356049815,0,10,3,0.2873487115071379
1.7787583090280048,0.08944049054746236,1.6034581687953835,1.954058449260626,0.3506002804652426,0,16,4,0.2873487115071379
1.656572895507913,0.10215526398215422,1.4563522572717091,1.856793533744117,0.4004412764724079,0,9,3,0.2873487115071379
1.5539682065757239,0.09929272686238125,1.3593580379986838,1.748578375152764,0.3892203371540801,0,12,3,0.2873487115071379
1.7091324330046136,0.10513267389135632,1.5030761785791609,1.9151886874300663,0.41211250885090545,0,14,3,0.2873487115071379
1.7036527360674882,0.08421763406092232,1.5385892064449067,1.8687162656900698,0.33012705924516306,0,13,3,0.2873487115071379
1.717977037195609,0.08013177553148058,1.560921643136659,1.8750324312545588,0.3141107881178997,0,11,3,0.2873487115071379
1.8397260504202646,0.09278599417413602,1.6578688435692146,2.0215832572713146,0.3637144137021,1,10,3,0.2873487115071379
1.6270187651421057,0.0890546793700037,1.4524748009221362,1.8015627293620753,0.3490879284399391,0,10,3,0.2873487115071379
1.7560152903645445,0.0739121968769263,1.611150046467535,1.900880534261554,0.289730487794019,0,12,3,0.2873487115071379
1.563129391422533,0.08216670386090137,1.402085611126798,1.724173171718268,0.3220875605914699,0,10,3,0.2873487115071379
1.7374044899420114,0.0933246972287385,1.5544914445055789,1.9203175353784439,0.365826090872865,0,8,3,0.2873487115071379
1.6215960708418324,0.07578527598179262,1.4730596593590906,1.7701324823245743,0.29707282296548376,0,15,3,0.2873487115071379
1.7340337183597252,0.10757556874371024,1.5231894780056403,1.94487795871381,0.4216884807081698,0,11,4,0.2873487115071379
1.7921112847852347,0.10201413894483807,1.5921672465394872,1.9920553230309823,0.39988807649149516,0,10,4,0.2873487115071379
1.7250118619403207,0.09574568913556555,1.5373537595596443,1.9126699643209972,0.37531620476135297,0,11,3,0.2873487115071379
1.7800214773566017,0.08678440022232263,1.6099271785009395,1.9501157762122638,0.34018859771132437,0,11,3,0.2873487115071379
1.8483465855396846,0.08792638599045907,1.6760140357076176,2.0206791353717515,0.34466509966413383,1,11,3,0.2873487115071379
1.666727767779202,0.09589772901688753,1.478771672706921,1.8546838628514832,0.37591219014456234,0,11,3,0.2873487115071379
1.727305776859027,0.0944500861493948,1.5421870096695078,1.9124245440485461,0.3702375343790383,0,11,3,0.2873487115071379
1.7108868061363838,0.1114616201622122,1.4924260449599642,1.9293475673128033,0.4369215223528391,0,8,3,0.2873487115071379
1.6346967323128427,0.09545801589826439,1.4476024591165926,1.821791005509093,0.3741885463925003,0,11,4,0.2873487115071379
1.5405557094814415,0.12689658470624074,1.2918429736960735,1.7892684452668095,0.497425471570736,0,13,3,0.2873487115071379
1.7029774048956088,0.07702071541693616,1.552019576614905,1.8539352331763126,0.3019156565614076,0,10,3,0.2873487115071379
1.6668748075000808,0.09725085502270758,1.4762666341898476,1.857482980810314,0.38121634662046633,0,9,3,0.2873487115071379
1.6405864656263431,0.09176310574035187,1.4607340832657127,1.8204388479869735,0.3597047647212608,0,10,4,0.2873487115071379
1.736946210656448,0.0798007240339662,1.5805396656096544,1.8933527557032415,0.31281309009358704,0,10,3,0.2873487115071379
1.5908469676429997,0.10591776639080104,1.3832519601941027,1.7984419750918967,0.41519001489779406,0,9,3,0.2873487115071379
1.8106348076008143,0.10253577432732704,1.6096683827923266,2.0116012324093018,0.4019328496169752,1,12,4,0.2873487115071379
1.6082442842117426,0.09025217797296002,1.4313532658584418,1.7851353025650434,0.3537820367066016,0,11,4,0.2873487115071379
1.86910960490196,0.09349515872054973,1.6858624610808266,2.0523567487230934,0.36649428764226677,1,8,3,0.2873487115071379
1.7654845899107254,0.0768014308197923,1.614956551542788,1.916012628278663,0.301056076735875,0,11,3,0.2873487115071379
1.828744316064459,0.10991938274909378,1.613306284673362,2.044182347455556,0.43087606278219415,1,14,3,0.2873487115071379
1.7527986985032717,0.08258787163739549,1.5909294445341595,1.914667952472384,0.32373850793822445,0,13,3,0.2873487115071379
1.590271031714683,0.07673642948910632,1.4398703936138373,1.740671669815529,0.3008012762016916,0,11,3,0.2873487115071379
1.7123002685622684,0.08170202725161067,1.5521672376852014,1.8724332994393353,0.32026606175413397,0,12,3,0.2873487115071379
1.7047020650519507,0.09637715160658787,1.5158063189704818,1.8935978111334195,0.3777914921629377,0,12,3,0.2873487115071379
1.7558524392255692,0.07957997947130223,1.59987854557138,1.9118263328797584,0.31194778730837847,0,11,4,0.2873487115071379
1.7184274468254181,0.0760303351086731,1.5694107282799077,1.8674441653709286,0.2980334370910209,0,12,3,0.2873487115071379
1.7773535119989758,0.08932271287108487,1.6022842117702372,1.9524228122277145,0.35013860045747736,0,11,3,0.2873487115071379
1.6101308858154506,0.08222171841250947,1.4489792789799383,1.771282492650963,0.32230321367102466,0,10,3,0.2873487115071379
1.7736730404653462,0.09445878037094017,1.5885372329147245,1.958808848015968,0.3702716151012435,0,10,3,0.2873487115071379
1.6809610650314757,0.08442419542212364,1.515492682580342,1.8464294474826093,0.3309367649022672,0,11,3,0.2873487115071379
1.6713639643258773,0.08225842161256632,1.510140420540136,1.8325875081116185,0.32244708757148244,0,17,4,0.2873487115071379
1.8022157698551817,0.08614084629515252,1.6333828135188821,1.9710487261914813,0.33766591267259916,0,9,3,0.2873487115071379
1.881995908121112,0.07885455452837359,1.72744382122855,2.036547995013674,0.3091041737851239,1,14,3,0.2873487115071379
1.622515333251384,0.08888276416070255,1.4483083166500395,1.7967223498527285,0.34841403320268904,0,10,3,0.2873487115071379
1.6809510540702193,0.10463170740042255,1.4758766759244581,1.8860254322159804,0.41014875629152225,0,12,3,0.2873487115071379
1.6929476408380832,0.09125125287178752,1.5140984716652226,1.871796810010944,0.3576983383457213,0,10,3,0.2873487115071379
1.6624947864795925,0.07188343535143973,1.5216058421057572,1.8033837308534277,0.2817778887476705,0,8,3,0.2873487115071379
1.6681074942205893,0.0923974673065479,1.4870117860370384,1.8492032024041403,0.36219141636710184,0,10,3,0.2873487115071379
1.684024776985871,0.08802140085514958,1.5115060014410147,1.8565435525307272,0.34503755108971257,0,9,3,0.2873487115071379
1.6728382338766576,0.08677560434802523,1.5027611746178309,1.8429152931354844,0.34015411851765354,0,15,3,0.2873487115071379
1.679876925918837,0.09121420163271365,1.5011003758401438,1.8586534759975304,0.3575531001573866,0,12,3,0.2873487115071379
1.707404911963602,0.09774459255082237,1.515829030880448,1.8989807930467557,0.38315176216630764,0,9,3,0.2873487115071379
1.6390235203916048,0.08546513755703491,1.4715149288460547,1.806532111937155,0.3350171830911002,0,14,4,0.2873487115071379
1.6996792723087473,0.09448357141497093,1.514494875204686,1.8848636694128085,0.3703687942081224,0,15,3,0.2873487115071379
1.6411036290756287,0.09480750260979222,1.4552843384962488,1.8269229196550085,0.3716385811587597,0,7,3,0.2873487115071379
1.586759304957445,0.08265213406272301,1.4247640989491317,1.7487545109657585,0.3239904120166268,0,13,3,0.2873487115071379
1.6458902524814003,0.09266588456827246,1.4642684561320403,1.8275120488307603,0.3632435926987201,0,10,3,0.2873487115071379
1.534428450895501,0.07621870836508572,1.3850425275517713,1.6838143742392309,0.2987718466874596,0,10,4,0.2873487115071379
1.7034503988660217,0.08865392331249791,1.5296919020853499,1.8772088956466935,0.3475169935613436,0,8,3,0.2873487115071379
1.7076122731845647,0.10113571747002002,1.509389909392707,1.9058346369764223,0.3964447275837153,0,12,3,0.2873487115071379
1.549325829325774,0.10918994863597767,1.3353174625254793,1.7633341961260685,0.4280167336005891,0,14,4,0.2873487115071379
1.5621481553500478,0.07953788106389516,1.406256773058183,1.7180395376419126,0.31178276458372967,0,12,3,0.2873487115071379
1.6814061101573663,0.07046218465739784,1.5433027659568557,1.819509454357877,0.27620668840102125,0,11,3,0.2873487115071379
1.7187157728080953,0.07508929943044147,1.571543450300086,1.8658880953161046,0.29434464501601854,0,8,3,0.2873487115071379
1.5757828756902525,0.07587614441527402,1.4270683653505556,1.7244973860299495,0.2974290206793939,0,10,3,0.2873487115071379
1.716284857521586,0.08539268619698787,1.5489182680323592,1.883651447010813,0.3347331789784538,0,7,3,0.2873487115071379
1.677148562369906,0.08556924416298313,1.509435925626145,1.8448611991136672,0.33542527348752227,0,14,3,0.2873487115071379
1.766464571250936,0.08031985370256972,1.609040550750373,1.9238885917514987,0.3148480410011256,0,9,3,0.2873487115071379
1.625527754873973,0.09479647308625783,1.439730081763487,1.811325427984459,0.371595346220972,0,12,4,0.2873487115071379
1.8762370080074946,0.08267427154735235,1.7141984133265995,2.03827560268839,0.3240771893617904,1,5,3,0.2873487115071379
1.5912867575619734,0.07546488223444393,1.4433783062849066,1.73919520883904,0.2958169025541335,0,13,3,0.2873487115071379
1.65519444709807,0.09541751947101604,1.4681795454407292,1.8422093487554108,0.3740298033146816,0,14,3,0.2873487115071379
1.7366037108502383,0.08280033741868291,1.5743180316018557,1.898889390098621,0.3245713584967653,0,13,3,0.2873487115071379
1.7112416464364073,0.07139675838021389,1.5713065713982797,1.851176721474535,0.27987015007625526,0,19,3,0.2873487115071379
1.7495263895851374,0.09161715346060915,1.5699600684362642,1.9290927107340106,0.35913264229774633,0,13,4,0.2873487115071379
1.6462582477359224,0.09182795574575117,1.4662787617003121,1.8262377337715328,0.35995897207122063,0,10,3,0.2873487115071379
1.6873439498607943,0.08863758465703926,1.5136174762563772,1.8610704234652113,0.34745294720883413,0,12,4,0.2873487115071379
1.6674097917139936,0.07908366801301037,1.512408650643171,1.8224109327848161,0.31000228214164505,0,12,4,0.2873487115071379
1.6777197034267135,0.0949251399659618,1.4916698478660047,1.8637695589874224,0.3720997111214177,0,13,3,0.2873487115071379
1.5772051994819225,0.07379171225887486,1.432576101096985,1.72183429786686,0.28925819676987485,0,7,4,0.2873487115071379
1.8756965604915294,0.0906049001515684,1.6981142193716077,2.053278901611451,0.3551646822398433,1,11,3,0.2873487115071379
1.622214512346595,0.0764717022352355,1.4723327301290623,1.7720962945641276,0.29976356443506535,0,9,3,0.2873487115071379
1.6143895138511701,0.06966300130237861,1.4778525402435412,1.750926487458799,0.2730739472152579,0,9,3,0.2873487115071379
1.6440200299545302,0.08515291465882432,1.4771233840446216,1.8109166758644388,0.3337932918198172,0,9,3,0.2873487115071379
1.7673088202030833,0.10030978284337409,1.5707052585330363,1.9639123818731303,0.393207123340094,0,12,3,0.2873487115071379
1.6486782040480772,0.1037192888113485,1.445392133475726,1.8519642746204283,0.4065721411447023,0,8,3,0.2873487115071379
1.7115732717687815,0.08830656540422462,1.5384955839780705,1.8846509595594925,0.34615537558142195,0,13,3,0.2873487115071379
1.6403848537903087,0.08986249228255816,1.464257605355486,1.8165121022251314,0.3522544968696453,0,12,4,0.2873487115071379
1.7054198817326425,0.08552269401553086,1.5377984816013628,1.8730412818639222,0.33524280026255937,0,9,4,0.2873487115071379
1.6307490454057256,0.0781520461366598,1.4775738496597597,1.7839242411516916,0.3063503914919319,0,14,3,0.2873487115071379
1.6692459559268262,0.08461659691526677,1.5034004734785604,1.835091438375092,0.3316909648965316,0,9,3,0.2873487115071379
1.6257564457392741,0.07362193095548401,1.481460112594231,1.7700527788843172,0.2885926662900862,0,11,3,0.2873487115071379
1.627477597792764,0.09125961041335176,1.448612048139438,1.80634314744609,0.35773109930665203,0,13,3,0.2873487115071379
1.723350204943269,0.09686787383858078,1.533492660960681,1.913207748925857,0.37971508796517606,0,9,3,0.2873487115071379
1.724018160772713,0.09751993718802353,1.5328825961095787,1.9151537254358473,0.3822711293262686,0,18,4,0.2873487115071379
1.716167997175377,0.09489408838561955,1.530179001593802,1.902156992756952,0.37197799116315,0,12,3,0.2873487115071379
1.7998603205708856,0.11030469293611982,1.583667095090341,2.01605354605143,0.4323864509610891,1,11,3,0.2873487115071379
1.8038442315467722,0.08048069162477937,1.6461049745113303,1.961583488582214,0.3154785140708838,0,10,3,0.2873487115071379
1.569261150271688,0.09470016712830241,1.3836522333702914,1.7548700671730846,0.37121783380279316,0,8,3,0.2873487115071379
1.6021569817233163,0.08449281244318446,1.436554112382177,1.7677598510644557,0.33120573868227865,0,7,3,0.2873487115071379
1.6289467906644504,0.08416450098717546,1.4639873999528006,1.7939061813761001,0.32991878142329956,0,15,4,0.2873487115071379
1.6368121157553228,0.10458414116965568,1.431830965708745,1.8417932658019007,0.4099623000931558,0,12,3,0.2873487115071379
1.7167517625417925,0.08115230688426851,1.5576961637862843,1.8758073612973007,0.31811119751101646,0,10,3,0.2873487115071379
1.6416265058339103,0.09166703749877028,1.4619624137668379,1.8212905979009828,0.3593281841341449,0,10,3,0.2873487115071379
1.6298659061243836,0.09170997971196393,1.4501176488660352,1.809614163382732,0.35949651451669684,0,8,3,0.2873487115071379
1.8456620006400752,0.08214846956250833,1.684653958912474,2.006670042367676,0.32201608345520216,1,8,3,0.2873487115071379
1.7005405294630322,0.09064416678749598,1.5228812271508985,1.878199831775166,0.35531860462426756,0,9,3,0.2873487115071379
1.6698584359455073,0.07878426475479795,1.515444114477635,1.8242727574133797,0.30882864293574475,0,14,4,0.2873487115071379
1.7811245569934535,0.09366735508024492,1.5975399145090485,1.9647091994778585,0.36716928496880996,0,12,3,0.2873487115071379
1.6131800693562621,0.08811865211416524,1.440470684846284,1.7858894538662402,0.34541876901995616,0,9,3,0.2873487115071379
1.6435191906080862,0.08434484835998099,1.4782063255410312,1.8088320556751412,0.33062573013411,0,11,3,0.2873487115071379
1.6049199331077841,0.08354695494862496,1.4411709103904888,1.7686689558250794,0.3274980454345906,0,10,3,0.2873487115071379
1.7087911249964016,0.0920552600841093,1.5283661306440797,1.8892161193487236,0.3608499887046439,0,13,3,0.2873487115071379
1.6397256445229473,0.0803865222657146,1.4821709560397196,1.797280333006175,0.31510937696645547,0,11,3,0.2873487115071379
1.7166857188361044,0.11344502089382441,1.4943375636588145,1.9390338740133943,0.4446963103545798,0,8,3,0.2873487115071379
1.7973650629853308,0.11878433790434954,1.5645520387653697,2.030178087205292,0.4656260484399224,1,4,3,0.2873487115071379
1.6295700358524363,0.07977967826472462,1.4732047397553831,1.7859353319494895,0.31273059219410637,0,8,3,0.2873487115071379
1.622304008367754,0.09187339555174125,1.4422354619489388,1.8023725547865692,0.3601370928376304,0,11,3,0.2873487115071379
